Taxon	Kleb_Pneu_UCI69_V1	Kleb_Pneu_UCI70_V1	Kleb_Pneu_UCI75_V1	Kleb_Pneu_UCI76_V1	Kleb_Pneu_UCI81_V1	Kleb_Pneu_UCI82_V1	Kleb_Pneu_UCI91_V1	Kleb_Pneu_UCI92_V1	Kleb_Pneu_UCI93_V1	Kleb_Pneu_UCI94_V1	Kleb_Pneu_UCI95_V1	Kleb_Pneu_UCI96_V1	Kleb_pneu_BIDMC122	Kleb_pneu_BIDMC123	Kleb_pneu_BIDMC124	Kleb_pneu_BIDMC85_V1	Kleb_pneu_BIDMC86_V1	Kleb_pneu_BIDMC89_V1	Kleb_pneu_BIDMC91_V1	Kleb_pneu_BIDMC96_V1	Kleb_pneu_BIDMC_10_V1	Kleb_pneu_BIDMC_11_V1	Kleb_pneu_BIDMC_12A_V1	Kleb_pneu_BIDMC_12B_V1	Kleb_pneu_BIDMC_12C_V1	Kleb_pneu_BIDMC_13_V1	Kleb_pneu_BIDMC_14_V1	Kleb_pneu_BIDMC_16_V1	Kleb_pneu_BIDMC_18A_V1	Kleb_pneu_BIDMC_18B_V1	Kleb_pneu_BIDMC_18C_V1	Kleb_pneu_BIDMC_18D_V1	Kleb_pneu_BIDMC_1_V1	Kleb_pneu_BIDMC_21_V1	Kleb_pneu_BIDMC_22_V1	Kleb_pneu_BIDMC_23_V1	Kleb_pneu_BIDMC_24_V1	Kleb_pneu_BIDMC_25_V1	Kleb_pneu_BIDMC_2A_V1	Kleb_pneu_BIDMC_31_V1	Kleb_pneu_BIDMC_32_V1	Kleb_pneu_BIDMC_33B_V1	Kleb_pneu_BIDMC_34_V1	Kleb_pneu_BIDMC_35_V1	Kleb_pneu_BIDMC_36_V1	Kleb_pneu_BIDMC_40_V1	Kleb_pneu_BIDMC_41_V1	Kleb_pneu_BIDMC_42a_V1	Kleb_pneu_BIDMC_42b_V1	Kleb_pneu_BIDMC_45_V1	Kleb_pneu_BIDMC_46a_V1	Kleb_pneu_BIDMC_46b_V1	Kleb_pneu_BIDMC_47_V1	Kleb_pneu_BIDMC_48_V1	Kleb_pneu_BIDMC_4_V1	Kleb_pneu_BIDMC_51_V1	Kleb_pneu_BIDMC_52_V1	Kleb_pneu_BIDMC_53_V1	Kleb_pneu_BIDMC_54_V1	Kleb_pneu_BIDMC_55_V1	Kleb_pneu_BIDMC_5_V1	Kleb_pneu_BIDMC_60_V1	Kleb_pneu_BIDMC_68_V1	Kleb_pneu_BIDMC_69_V1	Kleb_pneu_BIDMC_7A_V1	Kleb_pneu_BIDMC_7B_V1	Kleb_pneu_BWH53_V1	Kleb_pneu_BWH58_V1	Kleb_pneu_BWH62_V1	Kleb_pneu_BWH66_V1	Kleb_pneu_BWH67_V1	Kleb_pneu_BWH_15_V1	Kleb_pneu_BWH_22_V1	Kleb_pneu_BWH_28_V1	Kleb_pneu_BWH_2_V1	Kleb_pneu_BWH_30_V1	Kleb_pneu_BWH_36_V1	Kleb_pneu_BWH_41_V1	Kleb_pneu_BWH_45_V1	Kleb_pneu_BWH_46_V1	Kleb_pneu_BWH_47_V1	Kleb_pneu_BWH_48_V1	Kleb_pneu_BWH_78	Kleb_pneu_MGH101_V1	Kleb_pneu_MGH102_V1	Kleb_pneu_MGH111_V1	Kleb_pneu_MGH112_V1	Kleb_pneu_MGH115_V1	Kleb_pneu_MGH116_V1	Kleb_pneu_MGH117_V1	Kleb_pneu_MGH118_V1	Kleb_pneu_MGH124_V1	Kleb_pneu_MGH125_V1	Kleb_pneu_MGH126_V1	Kleb_pneu_MGH133_V1	Kleb_pneu_MGH134_V1	Kleb_pneu_MGH140_V1	Kleb_pneu_MGH147_V1	Kleb_pneu_MGH148_V1	Kleb_pneu_MGH149_V1	Kleb_pneu_MGH150	Kleb_pneu_MGH153_V1	Kleb_pneu_MGH155_V1	Kleb_pneu_MGH156_V1	Kleb_pneu_MGH157_V1	Kleb_pneu_MGH158_V1	Kleb_pneu_MGH161_V1	Kleb_pneu_MGH162_V1	Kleb_pneu_MGH165_V1	Kleb_pneu_MGH166_V1	Kleb_pneu_MGH167_V1	Kleb_pneu_MGH168_V1	Kleb_pneu_MGH171_V1	Kleb_pneu_MGH172_V1	Kleb_pneu_MGH181_V1	Kleb_pneu_MGH182	Kleb_pneu_MGH185_V1	Kleb_pneu_MGH186_V1	Kleb_pneu_MGH189	Kleb_pneu_MGH190	Kleb_pneu_MGH191	Kleb_pneu_MGH192	Kleb_pneu_MGH193	Kleb_pneu_MGH201	Kleb_pneu_MGH202	Kleb_pneu_MGH203	Kleb_pneu_MGH204	Kleb_pneu_MGH205	Kleb_pneu_MGH206	Kleb_pneu_MGH211	Kleb_pneu_MGH221	Kleb_pneu_MGH222	Kleb_pneu_MGH227	Kleb_pneu_MGH228	Kleb_pneu_MGH229	Kleb_pneu_MGH230	Kleb_pneu_MGH235	Kleb_pneu_MGH251	Kleb_pneu_MGH252	Kleb_pneu_MGH81_V1	Kleb_pneu_MGH82_V1	Kleb_pneu_MGH83	Kleb_pneu_MGH84_V1	Kleb_pneu_MGH89_V1	Kleb_pneu_MGH90_V1	Kleb_pneu_MGH91_V1	Kleb_pneu_MGH93_V1	Kleb_pneu_MGH94_V1	Kleb_pneu_MGH95_V1	Kleb_pneu_MGH97_V1	Kleb_pneu_MGH98_V1	Kleb_pneu_MGH_17_V1	Kleb_pneu_MGH_18_V1	Kleb_pneu_MGH_19_V1	Kleb_pneu_MGH_21_V1	Kleb_pneu_MGH_29_V1	Kleb_pneu_MGH_30_V1	Kleb_pneu_MGH_31_V1	Kleb_pneu_MGH_32_V1	Kleb_pneu_MGH_35_V1	Kleb_pneu_MGH_36_V1	Kleb_pneu_MGH_39_V1	Kleb_pneu_MGH_43_V1	Kleb_pneu_MGH_45_V1	Kleb_pneu_MGH_46_V1	Kleb_pneu_MGH_47_V1	Kleb_pneu_MGH_48_V1	Kleb_pneu_MGH_51_V1	Kleb_pneu_MGH_52_V1	Kleb_pneu_MGH_59_V1	Kleb_pneu_MGH_60_V1	Kleb_pneu_MGH_63_V1	Kleb_pneu_MGH_64_V1	Kleb_pneu_MGH_65_V1	Kleb_pneu_MGH_66_V1	Kleb_pneu_MGH_67_V1	Kleb_pneu_MGH_69_V1	Kleb_pneu_MGH_70_V1	Kleb_pneu_MGH_71_V1	Kleb_pneu_MGH_72_V1	Kleb_pneu_MGH_73_V1	Kleb_pneu_MGH_74_V1	Kleb_pneu_MGH_75_V1	Kleb_pneu_MGH_79_V1	Kleb_pneu_UCI105_V1	Kleb_pneu_UCI106_V1	Kleb_pneu_UCI107_V1	Kleb_pneu_UCI108_V1	Kleb_pneu_UCI109_V1	Kleb_pneu_UCI110_V1	Kleb_pneu_UCI111_V1	Kleb_pneu_UCI112_V1	Kleb_pneu_UCI113_V1	Kleb_pneu_UCI114_V1	Kleb_pneu_UCI115_V1	Kleb_pneu_UCI116_V1	Kleb_pneu_UCI117_V1	Kleb_pneu_UCI118_V1	Kleb_pneu_UCI149	Kleb_pneu_UCI150	Kleb_pneu_UCI163	Kleb_pneu_UCI164	Kleb_pneu_UCI171	Kleb_pneu_UCI172	Kleb_pneu_UCI177	Kleb_pneu_UCI181	Kleb_pneu_UCI182	Kleb_pneu_UCI185	Kleb_pneu_UCI186	Kleb_pneu_UCI187	Kleb_pneu_UCI188	Kleb_pneu_UCI189	Kleb_pneu_UCI190	Kleb_pneu_UCICRE-123	Kleb_pneu_UCICRE-124	Kleb_pneu_UCICRE-125	Kleb_pneu_UCICRE-126	Kleb_pneu_UCICRE-130	Kleb_pneu_UCICRE-133	Kleb_pneu_UCICRE-134	Kleb_pneu_UCICRE-137	Kleb_pneu_UCICRE-138	Kleb_pneu_UCICRE-139	Kleb_pneu_UCICRE-140	Kleb_pneu_UCICRE-145	Kleb_pneu_UCI_13_V1	Kleb_pneu_UCI_17_V1	Kleb_pneu_UCI_19_V1	Kleb_pneu_UCI_1_V1	Kleb_pneu_UCI_20_V1	Kleb_pneu_UCI_21_V1	Kleb_pneu_UCI_22_V1	Kleb_pneu_UCI_25_V1	Kleb_pneu_UCI_26_V1	Kleb_pneu_UCI_2_V1	Kleb_pneu_UCI_33_V1	Kleb_pneu_UCI_34_V1	Kleb_pneu_UCI_37_V1	Kleb_pneu_UCI_38_V1	Kleb_pneu_UCI_41_V1	Kleb_pneu_UCI_42_V1	Kleb_pneu_UCI_43_V1	Kleb_pneu_UCI_44_V1	Kleb_pneu_UCI_4_V1	Kleb_pneu_UCI_55_V1	Kleb_pneu_UCI_56_V1	Kleb_pneu_UCI_59_V1	Kleb_pneu_UCI_60_V1	Kleb_pneu_UCI_61_V1	Kleb_pneu_UCI_62_V1	Kleb_pneu_UCI_63_V1	Kleb_pneu_UCI_64_V1	Kleb_pneu_UCI_67_V1	Kleb_pneu_UCI_68_V1	Kleb_pneu_UCI_6_V1	Kleb_pneu_UCI_7_V1	Kleb_pneu_UCI_8_V1
Kleb_Pneu_UCI69_V1	0	2171	14	2245	15	1975	16	2240	16	2540	7	2208	2193	2217	2217	2204	2211	2225	2224	1981	5	2193	9	7	8	5	9	5	6	5	5	2068	13	2067	2173	2256	2134	2150	5	2129	5	2217	6	2223	2204	2114	2070	11	11	6	2071	2103	2226	2070	7	2097	2049	2071	10	2180	5	7	7	2214	12	11	8	2224	2118	2224	2255	2059	13	2241	2269	2200	10	16	8	2097	10	2210	2164	2207	1975	2213	2078	2214	2251	2215	2051	2192	14	2217	2213	2060	10	2053	2052	2053	2197	19	2214	2261	2206	2209	2053	2052	2220	2015	2052	2222	2212	1981	10	2241	2186	2060	2032	2052	2214	3092	2079	2214	2144	2214	2167	2116	2540	2209	2209	2198	2177	2213	2240	2188	2239	2227	2138	2213	1988	2058	2247	2249	2129	8	2253	2214	8	2274	2217	2194	2231	2428	2246	5	2078	15	2256	2250	2269	2088	2110	14	2185	2070	2178	10	2271	17	2205	2213	2280	2213	2130	7	64	2247	9	1986	8	2111	2213	14	12	2074	2226	2274	23	2210	2204	3119	27	2229	52	2215	20	2083	2219	1988	7	2076	11	2153	18	2229	2336	12	2179	1981	2231	2233	2257	2183	2228	2110	2244	2174	8	2038	14	2258	8	2181	14	23	49	17	1	2090	21	14	2061	2163	1991	16	2151	23	14	15	2236	16	16	2185	16	2195	19	2106	17	2110	17	2220	5	2057	2237	2211	2084
Kleb_Pneu_UCI70_V1	2171	0	2175	2328	2176	2186	2177	2173	2177	2630	2172	2089	2227	2096	2096	2227	2234	2271	2278	2225	2166	2095	2170	2168	2169	2166	2170	2166	2167	2166	2166	2204	2174	2203	2226	2336	2268	2177	2166	2205	2166	2096	2167	2269	2278	2253	2206	2172	2172	2167	2207	2246	2173	2210	2168	2266	2228	2207	2171	2280	2166	2168	2168	2274	2173	2172	2169	2276	2189	2276	2178	2227	2174	2213	2220	2251	2171	2177	2169	2241	2171	2269	2271	2086	2186	2092	2269	2093	2331	2094	2222	2094	2175	2179	2092	2240	2171	2224	2223	2224	2212	2180	2093	2335	2108	2309	2224	2223	2272	2204	2223	2218	2091	2192	2171	2120	2101	2198	2204	2223	2093	3171	2250	2093	2248	2093	2138	2297	2630	2230	2295	2077	2266	2261	2306	2103	2305	2191	2256	2092	2184	2196	2327	2361	2176	2169	2365	2237	2169	2392	2281	2264	2295	2443	2325	2166	2183	2176	2336	2362	2229	2261	2291	2175	2071	2206	2267	2171	2389	2178	2264	2092	2240	2092	2298	2168	2187	2313	2170	2186	2169	2178	2092	2175	2173	2206	2297	2234	2184	2233	2236	3166	2188	2284	2213	2094	2181	2238	2098	2184	2174	2249	2180	2098	2179	2281	2351	2173	2317	2192	2264	2285	2256	2195	2294	2291	2356	2121	2169	2160	2175	2374	2169	2334	2175	2184	2180	2178	2170	2261	2182	2175	2206	2304	2187	2177	2269	2184	2175	2176	2269	2177	2177	2071	2177	2227	2180	2202	2178	2257	2178	2268	2172	2177	2270	2257	2204
Kleb_Pneu_UCI75_V1	14	2175	0	2249	7	1978	8	2244	8	2544	15	2212	2197	2221	2221	2208	2215	2229	2228	1985	9	2197	13	11	12	9	13	9	10	9	9	2072	17	2071	2177	2260	2138	2154	9	2133	9	2221	10	2227	2208	2118	2074	15	15	10	2075	2107	2230	2074	11	2101	2053	2075	14	2184	9	11	11	2218	16	15	12	2228	2122	2228	2259	2063	17	2245	2273	2204	14	20	12	2101	14	2214	2168	2211	1978	2217	2082	2218	2255	2219	2055	2196	18	2221	2217	2064	14	2057	2056	2057	2201	23	2218	2265	2210	2213	2057	2056	2224	2019	2056	2226	2216	1984	14	2245	2190	2064	2036	2056	2218	3096	2083	2218	2148	2218	2171	2120	2544	2213	2213	2202	2181	2217	2244	2192	2243	2231	2142	2217	1992	2062	2251	2253	2133	12	2257	2218	12	2278	2221	2198	2235	2432	2250	9	2082	19	2260	2254	2273	2092	2114	18	2189	2074	2182	14	2275	21	2209	2217	2284	2217	2134	11	68	2251	13	1990	12	2115	2217	18	4	2078	2230	2278	27	2214	2208	3123	31	2233	56	2219	24	2087	2223	1992	17	2080	23	2157	22	2233	2340	4	2183	1984	2235	2237	2261	2187	2232	2114	2248	2178	12	2042	6	2262	12	2185	6	27	53	21	13	2094	25	6	2065	2167	1995	8	2155	27	18	19	2240	20	20	2189	20	2199	23	2110	9	2114	21	2224	15	2061	2241	2215	2088
Kleb_Pneu_UCI76_V1	2245	2328	2249	0	2250	2252	2251	2344	2251	2669	2246	2307	2265	2314	2314	2359	2368	2248	2248	2263	2240	2280	2244	2242	2243	2240	2244	2240	2241	2240	2240	2291	2246	2290	2316	2304	2229	2302	2240	2249	2240	2314	2241	2246	2385	2178	2293	2246	2246	2241	2294	2277	2378	2295	2242	2233	2074	2294	2245	2261	2240	2242	2242	2231	2247	2246	2243	2248	2294	2248	2310	2262	2248	2411	2368	2358	2245	2249	2243	2138	2245	2247	2255	2304	2252	2310	2239	2311	2299	2312	2124	2279	2249	2331	2310	2262	2245	2126	2125	2126	2318	2252	2311	832	2293	2289	2126	2125	2244	2288	2125	2201	2309	2258	2245	2340	2318	2288	2193	2125	2311	3147	2217	2311	2209	2311	2307	2351	2647	2315	2241	2295	2236	2238	2280	2320	2279	2367	2169	2310	2268	2288	2295	2446	2207	2243	2448	2369	2243	2430	2076	2282	2263	2551	2294	2240	2285	2250	2304	2447	2356	2297	2345	2249	2271	2293	2237	2245	2427	2250	2242	2310	2367	2310	2272	2242	2255	2287	2244	2270	2243	2253	2310	2249	2247	2231	2345	2361	2258	2365	2274	3160	2262	2386	2287	2312	2255	2233	2316	2268	2248	2210	2254	2314	2253	2253	2313	2247	2097	2258	2358	2257	2406	2233	2268	2345	2439	2320	2243	2205	2249	2414	2243	2135	2249	2258	2244	2252	2244	2228	2256	2249	2224	2041	2273	2251	2186	2258	2249	2250	2363	2251	2251	2271	2251	2265	2254	2261	2252	2177	2252	2245	2246	2269	2364	2230	2307
Kleb_Pneu_UCI81_V1	15	2176	7	2250	0	1980	9	2245	7	2543	16	2213	2198	2222	2222	2209	2216	2230	2229	1986	10	2198	14	12	13	10	14	10	11	10	10	2073	18	2072	2178	2261	2139	2155	10	2134	10	2222	11	2228	2209	2119	2075	16	16	11	2076	2108	2231	2075	12	2102	2054	2076	15	2185	10	12	12	2219	17	16	13	2229	2123	2229	2260	2064	18	2246	2274	2205	15	21	13	2102	15	2215	2169	2212	1980	2218	2083	2219	2256	2220	2056	2197	19	2222	2218	2065	15	2058	2057	2058	2202	24	2219	2266	2211	2214	2058	2057	2225	2020	2057	2227	2217	1986	15	2246	2191	2065	2037	2057	2219	3097	2084	2219	2149	2219	2172	2121	2543	2214	2214	2203	2182	2218	2245	2193	2244	2232	2143	2218	1993	2063	2252	2254	2134	13	2258	2219	13	2279	2222	2199	2236	2433	2251	10	2083	20	2261	2255	2274	2093	2115	19	2190	2075	2183	15	2276	22	2210	2218	2285	2218	2135	12	69	2252	14	1991	13	2116	2218	19	3	2079	2231	2279	28	2215	2209	3124	32	2234	57	2220	25	2088	2224	1993	18	2081	24	2158	23	2234	2341	3	2184	1986	2236	2238	2262	2188	2233	2115	2249	2179	13	2043	5	2263	13	2186	5	28	54	22	14	2095	26	7	2066	2168	1996	7	2156	28	19	20	2241	21	21	2190	21	2200	24	2111	10	2115	22	2225	16	2062	2242	2216	2089
Kleb_Pneu_UCI82_V1	1975	2186	1978	2252	1980	0	1981	2155	1981	2545	1976	2116	2145	2123	2123	2206	2215	2162	2142	1774	1970	2134	1974	1972	1973	1970	1974	1970	1971	1970	1970	2009	1976	2008	2054	2177	2157	2141	1970	2109	1970	2123	1971	2159	2101	2154	2011	1976	1976	1971	2012	2017	2206	2009	1972	2059	2050	2012	1975	2081	1970	1972	1972	2148	1977	1976	1973	2144	2062	2144	2267	2032	1978	2217	2211	2149	1975	1979	1973	2123	1975	2145	2048	2113	6	2119	1839	2120	2172	2121	2060	2133	1979	2158	2119	2035	1975	2062	2061	2062	2172	1982	2120	2240	2147	2105	2062	2061	2140	2018	2061	2119	2118	10	1975	2186	2216	1981	2039	2061	2120	3063	2039	2120	2138	2120	2176	2101	2540	2243	2139	2104	2110	2152	2168	2218	2167	2234	2156	2119	1987	1978	2166	2123	2082	1973	2123	2216	1973	2193	2081	2145	2149	2409	2167	1970	2019	1980	2177	2124	2221	1864	2095	1979	2110	2011	2111	1975	2192	1980	2140	2119	2232	2119	2122	1972	1975	2175	1974	1989	1973	2015	2119	1979	1977	1908	2146	2227	1988	2212	2099	3090	1992	2108	2017	2121	1985	2103	2125	1987	1978	2075	1984	2140	1983	2149	2181	1977	2079	12	2215	2153	2218	2149	2156	2095	2114	2105	1973	1930	1979	2177	1973	2094	1979	1988	1974	1982	1974	2050	1986	1979	1362	2114	1992	1981	2163	1988	1979	1980	2220	1981	1981	2110	1981	2090	1984	2030	1982	2157	1982	2159	1976	2004	2221	2144	1979
Kleb_Pneu_UCI91_V1	16	2177	8	2251	9	1981	0	2246	10	2546	17	2214	2199	2223	2223	2210	2217	2231	2230	1987	11	2199	15	13	14	11	15	11	12	11	11	2074	19	2073	2179	2262	2140	2156	11	2135	11	2223	12	2229	2210	2120	2076	17	17	12	2077	2109	2232	2076	13	2103	2055	2077	16	2186	11	13	13	2220	18	17	14	2230	2124	2230	2261	2065	19	2247	2275	2206	16	22	14	2103	16	2216	2170	2213	1981	2219	2084	2220	2257	2221	2057	2198	20	2223	2219	2066	16	2059	2058	2059	2203	25	2220	2267	2212	2215	2059	2058	2226	2021	2058	2228	2218	1987	16	2247	2192	2066	2038	2058	2220	3098	2085	2220	2150	2220	2173	2122	2546	2215	2215	2204	2183	2219	2246	2194	2245	2233	2144	2219	1994	2064	2253	2255	2135	14	2259	2220	14	2280	2223	2200	2237	2434	2252	11	2084	21	2262	2256	2275	2094	2116	20	2191	2076	2184	16	2277	23	2211	2219	2286	2219	2134	13	70	2253	15	1992	14	2117	2219	20	6	2080	2232	2280	29	2216	2210	3125	33	2235	58	2221	26	2089	2225	1994	19	2082	25	2159	24	2235	2342	6	2185	1987	2237	2239	2263	2189	2234	2116	2250	2180	14	2044	8	2264	14	2187	8	29	55	23	15	2096	27	8	2067	2169	1997	10	2157	29	20	21	2242	22	22	2191	22	2201	25	2112	9	2116	23	2226	17	2063	2243	2217	2090
Kleb_Pneu_UCI92_V1	2240	2173	2244	2344	2245	2155	2246	0	2246	2619	2241	2143	2193	2152	2152	2236	2243	2302	2313	2205	2235	2141	2239	2237	2238	2235	2239	2235	2234	2235	2235	2253	2241	2252	2250	2324	2204	2195	2235	2260	2235	2152	2234	2302	2323	2257	2255	2241	2241	2234	2256	2239	2193	2249	2237	2229	2219	2256	2240	2335	2235	2237	2237	2320	2242	2241	2238	2313	2254	2313	2202	2270	2243	2254	1773	2254	2240	2244	2238	2262	2240	2284	2253	2142	2155	2148	2211	2149	2317	2150	2205	2140	2244	1624	2148	2283	2240	2207	2206	2207	2202	2247	2149	2359	2152	2362	2207	2206	2309	2256	2206	2267	2147	2161	2240	1792	2157	2226	2181	2206	2149	3171	2207	2149	2236	2149	2135	2284	2617	2284	2326	2133	2274	2294	2371	2159	2370	2206	2291	2148	2274	2224	2317	2408	2212	2238	2411	2246	2238	2384	2298	2307	2354	2442	2314	2235	2242	2245	2324	2409	2232	2277	2278	2244	2123	2255	2275	2240	2383	2245	2279	2148	2243	2148	2272	2237	2246	2378	2239	2276	2238	2197	2148	2244	2242	2238	2278	2237	2253	2242	2268	3163	2257	2319	2282	2150	2250	2202	2154	2274	2243	2240	2249	2095	2248	2318	2422	2242	2286	2161	2345	2322	2273	2273	2359	2278	2403	2175	2238	2179	2244	2368	2238	2296	2244	2253	2239	2247	2239	2218	2251	2244	2193	2239	2279	2246	2290	2253	2244	2245	2350	2246	2246	2123	2246	2259	2249	2188	2247	2260	2247	2301	2241	2217	2351	2288	2209
Kleb_Pneu_UCI93_V1	16	2177	8	2251	7	1981	10	2246	0	2546	17	2214	2199	2223	2223	2210	2217	2231	2230	1987	11	2199	15	13	14	11	15	11	12	11	11	2074	19	2073	2179	2262	2140	2156	11	2135	11	2223	12	2229	2210	2120	2076	17	17	12	2077	2109	2232	2076	13	2103	2055	2077	16	2186	11	13	13	2220	18	17	14	2230	2124	2230	2261	2065	19	2247	2275	2206	16	22	14	2103	16	2216	2170	2213	1981	2219	2084	2220	2257	2221	2057	2198	20	2223	2219	2066	16	2059	2058	2059	2203	25	2220	2267	2212	2215	2059	2058	2226	2021	2058	2228	2218	1987	16	2247	2192	2066	2038	2058	2220	3098	2085	2220	2150	2220	2173	2122	2546	2215	2215	2204	2183	2219	2246	2194	2245	2233	2144	2219	1994	2064	2253	2255	2135	14	2259	2220	14	2280	2223	2200	2237	2434	2252	11	2084	21	2262	2256	2275	2094	2116	20	2191	2076	2184	16	2277	23	2211	2219	2286	2219	2136	13	70	2253	15	1992	14	2117	2219	20	4	2080	2232	2280	29	2216	2210	3125	33	2235	58	2221	26	2089	2225	1994	19	2082	25	2159	24	2235	2342	4	2185	1987	2237	2239	2263	2189	2234	2116	2250	2180	14	2044	6	2264	14	2187	6	29	55	23	15	2096	27	8	2067	2169	1997	8	2157	29	20	21	2242	22	22	2191	22	2201	25	2112	11	2116	23	2226	17	2063	2243	2217	2090
Kleb_Pneu_UCI94_V1	2540	2630	2544	2669	2543	2545	2546	2619	2546	0	2541	2603	2546	2612	2612	2636	2642	2574	2600	2485	2535	2571	2539	2537	2538	2535	2539	2535	2534	2535	2535	2560	2541	2559	2579	2674	2551	2578	2535	2616	2535	2612	2534	2572	2708	2533	2562	2541	2541	2534	2563	2554	2635	2562	2537	2543	2497	2563	2540	2592	2535	2537	2537	2580	2542	2541	2538	2600	2597	2600	2635	2555	2543	2582	2656	2534	2540	2544	2538	2544	2540	2574	2533	2602	2545	2608	2609	2609	2666	2610	2505	2568	2544	2572	2608	2560	2540	2507	2506	2507	2587	2547	2609	2682	2584	2617	2507	2506	2596	2569	2506	2569	2607	2551	2540	2636	2555	2591	2500	2506	2609	3479	2527	2609	2599	2609	2575	2596	169	2681	2585	2593	2533	2564	2616	2557	2615	2659	2557	2608	2519	2589	2665	2629	2550	2538	2631	2646	2538	2615	2603	2592	2607	2840	2664	2535	2605	2545	2674	2630	2640	2538	2590	2544	2557	2562	2534	2540	2614	2545	2571	2608	2651	2608	2570	2537	2540	2623	2539	2521	2538	2514	2608	2544	2542	2569	2578	2645	2553	2642	2623	3505	2555	2678	2582	2610	2550	2528	2613	2519	2543	2538	2549	2562	2548	2605	2666	2542	2570	2551	2683	2609	2712	2541	2604	2590	2622	2616	2538	2463	2544	2599	2538	2584	2544	2553	2537	2547	2539	2538	2551	2544	2521	2596	2524	2546	2572	2553	2544	2545	2688	2546	2546	2557	2546	2614	2549	2536	2547	2534	2547	2569	2541	2578	2689	2560	2576
Kleb_Pneu_UCI95_V1	7	2172	15	2246	16	1976	17	2241	17	2541	0	2209	2194	2218	2218	2205	2212	2226	2225	1982	6	2194	10	8	9	6	10	6	7	6	6	2069	14	2068	2174	2257	2135	2151	6	2130	6	2218	7	2224	2205	2115	2071	12	12	7	2072	2104	2227	2071	8	2098	2050	2072	11	2181	6	8	8	2215	13	12	9	2225	2119	2225	2256	2060	14	2242	2270	2201	11	17	9	2098	11	2211	2165	2208	1976	2214	2079	2215	2252	2216	2052	2193	15	2218	2214	2061	11	2054	2053	2054	2198	20	2215	2262	2207	2210	2054	2053	2221	2016	2053	2223	2213	1982	11	2242	2187	2061	2033	2053	2215	3093	2080	2215	2145	2215	2168	2117	2541	2210	2210	2199	2178	2214	2241	2189	2240	2228	2139	2214	1989	2059	2248	2250	2130	9	2254	2215	9	2275	2218	2195	2232	2429	2247	6	2079	16	2257	2251	2270	2089	2111	15	2186	2071	2179	11	2272	18	2206	2214	2281	2214	2131	8	65	2248	10	1987	9	2112	2214	15	13	2075	2227	2275	24	2211	2205	3120	28	2230	53	2216	21	2084	2220	1989	10	2077	16	2154	19	2230	2337	13	2180	1982	2232	2234	2258	2184	2229	2111	2245	2175	9	2039	15	2259	9	2182	15	24	50	18	6	2091	22	15	2062	2164	1992	17	2152	24	15	16	2237	17	17	2186	17	2196	20	2107	18	2111	18	2221	8	2058	2238	2212	2085
Kleb_Pneu_UCI96_V1	2208	2089	2212	2307	2213	2116	2214	2143	2214	2603	2209	0	2215	57	57	2200	2207	2233	2214	2151	2203	820	2207	2205	2206	2203	2207	2203	2204	2203	2203	2209	2210	2208	2191	2301	2251	2110	2203	2191	2203	57	2204	2231	2292	2161	2211	2209	2209	2204	2212	2224	2084	2207	2205	2186	2145	2212	2208	2214	2203	2205	2205	2237	2210	2209	2206	2214	2154	2214	2095	2243	2211	2223	2185	2225	2208	2213	2206	2136	2208	2215	2180	49	2116	53	2205	54	2294	55	2161	819	2212	2123	53	2246	2208	2163	2162	2163	2139	2216	54	2284	833	2239	2163	2162	2210	2216	2162	2204	52	2122	2208	2097	2137	2213	2116	2162	54	3121	2162	54	2238	54	2115	2237	2603	2259	2229	38	2216	2223	2254	2139	2253	2136	2163	53	2166	2211	2290	2327	2148	2206	2331	2210	2206	2351	2227	2264	2243	2424	2291	2203	2239	2213	2301	2328	2162	2227	2231	2212	758	2211	2217	2208	2352	2214	2210	53	2175	53	2201	2205	2209	2261	2207	2168	2206	2212	53	2212	2210	2229	2243	2167	2221	2206	2258	3141	2225	2296	2250	55	2218	2202	59	2166	2211	2149	2217	1938	2216	2219	2327	2210	2297	2122	2285	2223	2287	2187	2242	2231	2322	2061	2206	2184	2212	2337	2206	2325	2212	2221	2204	2215	2207	2173	2219	2212	2132	2273	2170	2214	2172	2221	2212	2213	2290	2214	2214	758	2214	2249	2217	2160	2215	2162	2215	2230	2209	2208	2291	2215	2226
Kleb_pneu_BIDMC122	2193	2227	2197	2265	2198	2145	2199	2193	2199	2546	2194	2215	0	2222	2222	2267	2276	2275	2250	2143	2188	2192	2192	2190	2191	2188	2192	2188	2189	2188	2188	2206	2194	2205	2213	2332	2204	2220	2188	2169	2188	2222	2189	2271	2250	1905	2208	2194	2194	2189	2209	2174	2248	2204	2190	2198	2137	2209	2193	2222	2188	2190	2190	2267	2195	2194	2191	2250	2191	2250	2248	1945	2196	2242	2180	2253	2193	2197	2191	1808	2193	2288	2193	2212	2145	2218	2191	2219	2327	2220	2133	2191	2197	2060	2218	1948	2193	2135	2134	2135	2239	2200	2219	2264	2205	2252	2135	2134	2246	2211	2134	2160	2217	2151	2193	2054	2238	2181	2068	2134	2219	3101	2184	2219	2254	2219	2261	2205	2551	2234	2261	2203	2208	2265	2284	2240	2283	2254	1785	2218	2176	2179	2325	2340	2192	2191	2340	2277	2191	2329	2183	2264	2271	2412	2322	2188	2195	2198	2330	2341	2264	2158	2199	2197	2179	2208	2209	2193	2328	2198	2283	2218	2275	2218	2258	2190	2201	2290	2192	2178	2191	1043	2218	2197	2195	2207	2249	2270	2206	2273	2212	3149	2210	2283	2235	2220	2203	2140	2224	2176	2196	2208	2202	2215	2201	2255	2292	2195	2231	2151	2318	2259	2299	2187	2272	2199	2331	2223	2191	2068	2197	2313	2191	2241	2197	2206	2196	2200	2192	2195	2204	2197	2146	2188	2181	2199	1822	2206	2197	2198	2323	2199	2199	2179	2199	2203	2202	2203	2200	1908	2200	2268	2194	2182	2324	2259	2174
Kleb_pneu_BIDMC123	2217	2096	2221	2314	2222	2123	2223	2152	2223	2612	2218	57	2222	0	0	2205	2214	2242	2223	2158	2212	827	2216	2214	2215	2212	2216	2212	2213	2212	2212	2218	2219	2217	2198	2308	2260	2117	2212	2198	2212	2	2213	2240	2299	2170	2220	2218	2218	2213	2221	2233	2091	2216	2214	2191	2152	2221	2217	2219	2212	2214	2214	2246	2219	2218	2215	2223	2163	2223	2102	2252	2220	2230	2194	2232	2217	2222	2215	2145	2217	2224	2189	16	2123	16	2212	17	2301	18	2168	826	2221	2130	16	2255	2217	2170	2169	2170	2146	2225	17	2291	840	2244	2170	2169	2219	2225	2169	2211	19	2129	2217	2106	2144	2220	2125	2169	17	3130	2167	17	2245	17	2122	2246	2612	2266	2238	45	2225	2232	2263	2146	2262	2145	2172	16	2175	2218	2297	2336	2157	2215	2340	2217	2215	2360	2234	2271	2252	2433	2298	2212	2248	2222	2308	2337	2169	2236	2240	2221	765	2220	2226	2217	2361	2223	2219	16	2182	16	2212	2214	2218	2270	2216	2177	2215	2219	16	2221	2219	2236	2250	2174	2230	2213	2265	3150	2234	2303	2259	18	2227	2211	26	2175	2220	2154	2226	1945	2225	2228	2334	2219	2304	2129	2292	2232	2294	2194	2251	2240	2331	2068	2215	2193	2221	2346	2215	2332	2221	2230	2213	2224	2216	2178	2228	2221	2141	2280	2179	2223	2181	2230	2221	2222	2297	2223	2223	765	2223	2256	2226	2167	2224	2171	2224	2239	2218	2217	2298	2224	2235
Kleb_pneu_BIDMC124	2217	2096	2221	2314	2222	2123	2223	2152	2223	2612	2218	57	2222	0	0	2205	2214	2242	2223	2158	2212	827	2216	2214	2215	2212	2216	2212	2213	2212	2212	2218	2219	2217	2198	2308	2260	2117	2212	2198	2212	2	2213	2240	2299	2170	2220	2218	2218	2213	2221	2233	2091	2216	2214	2191	2152	2221	2217	2219	2212	2214	2214	2246	2219	2218	2215	2223	2163	2223	2102	2252	2220	2230	2194	2232	2217	2222	2215	2145	2217	2224	2189	16	2123	16	2212	17	2301	18	2168	826	2221	2130	16	2255	2217	2170	2169	2170	2146	2225	17	2291	840	2244	2170	2169	2219	2225	2169	2211	19	2129	2217	2106	2144	2220	2125	2169	17	3130	2167	17	2245	17	2122	2246	2612	2266	2238	45	2225	2232	2263	2146	2262	2145	2172	16	2175	2218	2297	2336	2157	2215	2340	2217	2215	2360	2234	2271	2252	2433	2298	2212	2248	2222	2308	2337	2169	2236	2240	2221	765	2220	2226	2217	2361	2223	2219	16	2182	16	2212	2214	2218	2270	2216	2177	2215	2219	16	2221	2219	2236	2250	2174	2230	2213	2265	3150	2234	2303	2259	18	2227	2211	26	2175	2220	2154	2226	1945	2225	2228	2334	2219	2304	2129	2292	2232	2294	2194	2251	2240	2331	2068	2215	2193	2221	2346	2215	2332	2221	2230	2213	2224	2216	2178	2228	2221	2141	2280	2179	2223	2181	2230	2221	2222	2297	2223	2223	765	2223	2256	2226	2167	2224	2171	2224	2239	2218	2217	2298	2224	2235
Kleb_pneu_BIDMC85_V1	2204	2227	2208	2359	2209	2206	2210	2236	2210	2636	2205	2200	2267	2205	2205	0	30	2230	2252	2212	2199	2173	2203	2201	2202	2199	2203	2199	2200	2199	2199	2225	2205	2224	2241	2338	2212	2157	2199	2221	2199	2205	2200	2226	2315	2240	2227	2205	2205	2200	2228	2278	2263	2229	2201	2208	2206	2228	2204	2285	2199	2201	2201	2249	2206	2205	2202	2252	2251	2252	2226	2284	2207	2158	2295	2268	2204	2208	2202	2214	2204	2237	2263	2197	2206	2203	2241	2204	2333	2205	2207	2172	2208	2195	2203	2275	2204	2209	2208	2209	2236	2211	2204	2327	2186	2309	2209	2208	2248	2242	2208	2204	2202	2212	2204	2256	2168	2226	2121	2208	2204	3121	2184	2204	2287	2204	2162	2265	2635	2294	2275	2188	2224	2222	2287	2170	2286	2178	2250	2203	2201	2224	2329	2350	2163	2202	2356	30	2202	2383	2292	2228	2272	2422	2328	2199	2246	2209	2338	2351	2246	2253	2259	2208	2169	2227	2225	2204	2380	2209	2232	2203	2257	2203	2178	2201	2208	2294	2203	2203	2202	2244	2203	2208	2206	2216	2269	2251	2217	26	2281	3128	2221	2328	2246	2205	2214	2243	2209	2201	2207	2205	2213	2100	2212	2257	2363	2206	2307	2212	2365	2261	2267	2229	2275	2259	2347	2158	2202	2138	2208	2365	2202	2301	2208	2217	2199	2211	2203	2195	2215	2208	2198	2320	2206	2210	2263	2217	2208	2209	2370	2210	2210	2169	2210	2272	2213	2178	2211	2239	2211	2227	2205	2225	2371	2210	2201
Kleb_pneu_BIDMC86_V1	2211	2234	2215	2368	2216	2215	2217	2243	2217	2642	2212	2207	2276	2214	2214	30	0	2240	2262	2221	2206	2182	2210	2208	2209	2206	2210	2206	2207	2206	2206	2234	2212	2233	2249	2347	2219	2167	2206	2231	2206	2214	2207	2236	2322	2250	2236	2212	2212	2207	2237	2285	2270	2238	2208	2218	2214	2237	2211	2294	2206	2208	2208	2259	2213	2212	2209	2262	2261	2262	2234	2291	2214	2168	2304	2278	2211	2215	2209	2224	2211	2247	2272	2204	2215	2210	2251	2211	2342	2212	2215	2181	2215	2204	2210	2282	2211	2217	2216	2217	2244	2218	2211	2336	2195	2318	2217	2216	2258	2251	2216	2214	2209	2221	2211	2263	2177	2235	2130	2216	2211	3131	2194	2211	2297	2211	2171	2275	2641	2304	2285	2195	2234	2232	2297	2179	2296	2187	2260	2210	2210	2233	2338	2358	2173	2209	2364	40	2209	2393	2302	2238	2282	2432	2337	2206	2255	2216	2347	2359	2255	2260	2269	2215	2178	2236	2235	2211	2390	2216	2242	2210	2266	2210	2188	2208	2215	2304	2210	2212	2209	2253	2210	2215	2213	2225	2279	2260	2224	34	2290	3138	2228	2335	2253	2212	2221	2252	2216	2210	2214	2215	2220	2109	2217	2267	2373	2213	2317	2221	2373	2271	2276	2239	2285	2269	2355	2165	2209	2148	2215	2375	2209	2311	2215	2224	2206	2218	2210	2205	2222	2215	2206	2330	2215	2217	2273	2224	2215	2216	2378	2217	2217	2178	2217	2281	2220	2188	2218	2249	2218	2237	2212	2234	2379	2220	2210
Kleb_pneu_BIDMC89_V1	2225	2271	2229	2248	2230	2162	2231	2302	2231	2574	2226	2233	2275	2242	2242	2230	2240	0	690	2153	2220	2249	2224	2222	2223	2220	2224	2220	2221	2220	2220	2134	2226	2133	2215	2270	2052	2245	2220	2139	2220	2242	2221	52	2263	2209	2136	2226	2226	2221	2137	2275	2328	2134	2222	2173	2110	2137	2225	2188	2220	2222	2222	372	2227	2226	2223	690	2158	690	2246	2251	2228	2329	2331	2255	2225	2229	2223	2192	2225	322	2164	2232	2162	2238	2194	2239	2264	2240	2112	2248	2229	2231	2238	2250	2225	2114	2113	2114	2185	2232	2239	2210	2262	2217	2114	2113	686	2139	2113	2036	2237	2168	2225	2265	2189	2154	2072	2113	2239	3060	2159	2239	2206	2239	2203	2252	2577	2191	595	2223	2100	34	614	2191	613	2279	2216	2238	2108	2150	2261	2329	1261	2223	2327	2240	2223	2311	2191	2157	579	2455	2260	2220	2166	2230	2269	2330	2329	2186	2246	2229	2236	2135	2101	2225	2310	2230	317	2238	2340	2238	2085	2222	2241	621	2224	2110	2223	2179	2238	2229	2227	2144	2233	2334	2238	2236	2186	3074	2242	2237	2267	2240	2235	2088	2244	2108	2228	2185	2233	2237	2233	695	2359	2227	2192	2168	2252	699	2269	2045	602	2246	2318	2248	2223	2106	2229	2295	2223	2237	2229	2238	2234	2232	2224	2170	2236	2229	2128	2210	2113	2231	2219	2238	2229	2230	2257	2231	2231	2238	2231	2177	2234	2089	2232	2202	2232	41	2226	2157	2258	50	2178
Kleb_pneu_BIDMC91_V1	2224	2278	2228	2248	2229	2142	2230	2313	2230	2600	2225	2214	2250	2223	2223	2252	2262	690	0	2155	2219	2234	2223	2221	2222	2219	2223	2219	2220	2219	2219	2157	2225	2156	2189	2248	2015	2208	2219	2213	2219	2223	2220	688	2244	2196	2159	2225	2225	2220	2160	2256	2321	2159	2221	2191	2081	2160	2224	2166	2219	2221	2221	474	2226	2225	2222	24	2162	24	2268	2200	2227	2333	2289	2238	2224	2228	2222	2171	2224	630	2174	2213	2142	2219	2185	2220	2242	2221	2075	2233	2228	2244	2219	2211	2224	2077	2076	2077	2191	2231	2220	2197	2247	2193	2077	2076	20	2150	2076	2006	2218	2148	2224	2266	2177	2167	2089	2076	2220	3032	2175	2220	2202	2220	2217	2256	2597	2158	409	2204	2033	678	484	2178	483	2248	2201	2219	2117	2163	2237	2326	1338	2222	2324	2262	2222	2289	2170	2129	447	2405	2238	2219	2179	2229	2247	2327	2313	2170	2250	2228	2213	2159	2034	2224	2286	2229	625	2219	2324	2219	2094	2221	2236	491	2223	2121	2222	2162	2219	2228	2226	2147	2253	2319	2237	2258	2195	3052	2241	2224	2266	2221	2234	2139	2225	2117	2227	2184	2232	2220	2232	29	2328	2226	2219	2148	2249	33	2269	2066	472	2250	2315	2204	2222	2139	2228	2273	2222	2220	2228	2237	2229	2231	2223	2186	2235	2228	2110	2194	2122	2230	2200	2237	2228	2229	2254	2230	2230	2213	2230	2186	2233	2103	2231	2189	2231	685	2225	2162	2255	668	2163
Kleb_pneu_BIDMC96_V1	1981	2225	1985	2263	1986	1774	1987	2205	1987	2485	1982	2151	2143	2158	2158	2212	2221	2153	2155	0	1976	2170	1980	1978	1979	1976	1980	1976	1977	1976	1976	1881	1982	1880	2071	2252	2141	2156	1976	2140	1976	2158	1977	2149	2060	2128	1883	1982	1982	1977	1884	1826	2254	1879	1978	2012	2058	1884	1981	2184	1976	1978	1978	2137	1983	1982	1979	2155	2089	2155	2253	2018	1984	2184	2240	2167	1981	1985	1979	2107	1981	2143	2090	2148	1774	2154	1989	2155	2245	2156	2029	2169	1985	2149	2154	2033	1981	2031	2030	2031	2177	1988	2155	2242	2183	2210	2031	2030	2151	1900	2030	2135	2153	1780	1981	2206	2169	1870	2028	2030	2155	3043	1996	2155	2135	2155	2151	2086	2477	2189	2186	2139	2125	2143	2192	2171	2191	2237	2132	2154	1900	1868	2243	2060	2121	1979	2060	2222	1979	2274	2002	2186	2173	2368	2242	1976	1918	1986	2252	2061	2238	1973	2080	1985	2155	1883	2126	1981	2273	1986	2138	2154	2249	2154	2156	1978	1981	2199	1980	1902	1979	2054	2154	1985	1983	1999	2161	2244	1992	2218	2153	3081	1998	2081	2023	2156	1991	2083	2160	1900	1984	2046	1990	2102	1989	2160	2272	1983	2138	1780	2259	2164	2238	2173	2180	2080	2051	2126	1979	1979	1985	2258	1979	2140	1985	1994	1980	1988	1980	2007	1992	1985	1922	2057	1905	1987	2133	1994	1985	1986	2264	1987	1987	2155	1987	2144	1990	2072	1988	2133	1988	2150	1982	1895	2265	2135	1871
Kleb_pneu_BIDMC_10_V1	5	2166	9	2240	10	1970	11	2235	11	2535	6	2203	2188	2212	2212	2199	2206	2220	2219	1976	0	2188	4	2	3	0	4	0	1	0	0	2063	8	2062	2168	2251	2129	2145	0	2124	0	2212	1	2218	2199	2109	2065	6	6	1	2066	2098	2221	2065	2	2092	2044	2066	5	2175	0	2	2	2209	7	6	3	2219	2113	2219	2250	2054	8	2236	2264	2195	5	11	3	2092	5	2205	2159	2202	1970	2208	2073	2209	2246	2210	2046	2187	9	2212	2208	2055	5	2048	2047	2048	2192	14	2209	2256	2201	2204	2048	2047	2215	2010	2047	2217	2207	1976	5	2236	2181	2055	2027	2047	2209	3087	2074	2209	2139	2209	2162	2111	2535	2204	2204	2193	2172	2208	2235	2183	2234	2222	2133	2208	1983	2053	2242	2244	2124	3	2248	2209	3	2269	2212	2189	2226	2423	2241	0	2073	10	2251	2245	2264	2083	2105	9	2180	2065	2173	5	2266	12	2200	2208	2275	2208	2125	2	59	2242	4	1981	3	2106	2208	9	7	2069	2221	2269	18	2205	2199	3114	22	2224	47	2210	15	2078	2214	1983	8	2071	14	2148	13	2224	2331	7	2174	1976	2226	2228	2252	2178	2223	2105	2239	2169	3	2033	9	2253	3	2176	9	18	44	12	4	2085	16	9	2056	2158	1986	11	2146	18	9	10	2231	11	11	2180	11	2190	14	2101	12	2105	12	2215	6	2052	2232	2206	2079
Kleb_pneu_BIDMC_11_V1	2193	2095	2197	2280	2198	2134	2199	2141	2199	2571	2194	820	2192	827	827	2173	2182	2249	2234	2170	2188	0	2192	2190	2191	2188	2192	2188	2189	2188	2188	2243	2195	2242	2192	2307	2258	2047	2188	2205	2188	827	2189	2247	2329	2175	2245	2194	2194	2189	2246	2222	2061	2239	2190	2198	2152	2246	2193	2203	2188	2190	2190	2237	2195	2194	2191	2234	2128	2234	2111	2260	2196	2224	2172	2233	2193	2198	2191	2164	2193	2236	2212	819	2134	823	2188	824	2300	825	2178	21	2197	2058	823	2255	2193	2180	2179	2180	2160	2201	824	2264	49	2228	2180	2179	2230	2250	2179	2212	822	2140	2193	2064	2122	2238	2148	2179	824	3101	2174	824	2186	824	2118	2246	2569	2251	2222	808	2215	2239	2252	2124	2251	2073	2189	823	2206	2236	2296	2347	2110	2191	2351	2183	2191	2389	2253	2262	2241	2403	2297	2188	2268	2198	2307	2348	2168	2227	2240	2197	110	2245	2216	2193	2390	2199	2231	823	2179	823	2226	2190	2194	2259	2192	2208	2191	2187	823	2197	2195	2210	2249	2173	2206	2179	2263	3121	2210	2345	2235	825	2203	2219	829	2206	2196	2179	2202	1930	2201	2239	2342	2195	2312	2140	2273	2243	2256	2189	2240	2240	2342	2029	2191	2184	2197	2375	2191	2327	2197	2206	2189	2200	2192	2185	2204	2197	2172	2259	2210	2199	2198	2206	2197	2198	2278	2199	2199	110	2199	2254	2202	2159	2200	2176	2200	2246	2194	2239	2279	2231	2247
Kleb_pneu_BIDMC_12A_V1	9	2170	13	2244	14	1974	15	2239	15	2539	10	2207	2192	2216	2216	2203	2210	2224	2223	1980	4	2192	0	2	1	4	8	4	5	4	4	2067	12	2066	2172	2255	2133	2149	4	2128	4	2216	5	2222	2203	2113	2069	10	10	5	2070	2102	2225	2069	6	2096	2048	2070	9	2179	4	6	6	2213	11	10	7	2223	2117	2223	2254	2058	12	2240	2268	2199	9	15	7	2096	9	2209	2163	2206	1974	2212	2077	2213	2250	2214	2050	2191	13	2216	2212	2059	9	2052	2051	2052	2196	18	2213	2260	2205	2208	2052	2051	2219	2014	2051	2221	2211	1980	9	2240	2185	2059	2031	2051	2213	3091	2078	2213	2143	2213	2166	2115	2539	2208	2208	2197	2176	2212	2239	2187	2238	2226	2137	2212	1987	2057	2246	2248	2128	7	2252	2213	7	2273	2216	2193	2230	2427	2245	4	2077	14	2255	2249	2268	2087	2109	13	2184	2069	2177	9	2270	16	2204	2212	2279	2212	2129	6	63	2246	8	1985	7	2110	2212	13	11	2073	2225	2273	22	2209	2203	3118	26	2228	51	2214	19	2082	2218	1987	12	2075	18	2152	17	2228	2335	11	2178	1980	2230	2232	2256	2182	2227	2109	2243	2173	7	2037	13	2257	7	2180	13	22	48	16	8	2089	20	13	2060	2162	1990	15	2150	22	13	14	2235	15	15	2184	15	2194	18	2105	16	2109	16	2219	10	2056	2236	2210	2083
Kleb_pneu_BIDMC_12B_V1	7	2168	11	2242	12	1972	13	2237	13	2537	8	2205	2190	2214	2214	2201	2208	2222	2221	1978	2	2190	2	0	1	2	6	2	3	2	2	2065	10	2064	2170	2253	2131	2147	2	2126	2	2214	3	2220	2201	2111	2067	8	8	3	2068	2100	2223	2067	4	2094	2046	2068	7	2177	2	4	4	2211	9	8	5	2221	2115	2221	2252	2056	10	2238	2266	2197	7	13	5	2094	7	2207	2161	2204	1972	2210	2075	2211	2248	2212	2048	2189	11	2214	2210	2057	7	2050	2049	2050	2194	16	2211	2258	2203	2206	2050	2049	2217	2012	2049	2219	2209	1978	7	2238	2183	2057	2029	2049	2211	3089	2076	2211	2141	2211	2164	2113	2537	2206	2206	2195	2174	2210	2237	2185	2236	2224	2135	2210	1985	2055	2244	2246	2126	5	2250	2211	5	2271	2214	2191	2228	2425	2243	2	2075	12	2253	2247	2266	2085	2107	11	2182	2067	2175	7	2268	14	2202	2210	2277	2210	2127	4	61	2244	6	1983	5	2108	2210	11	9	2071	2223	2271	20	2207	2201	3116	24	2226	49	2212	17	2080	2216	1985	10	2073	16	2150	15	2226	2333	9	2176	1978	2228	2230	2254	2180	2225	2107	2241	2171	5	2035	11	2255	5	2178	11	20	46	14	6	2087	18	11	2058	2160	1988	13	2148	20	11	12	2233	13	13	2182	13	2192	16	2103	14	2107	14	2217	8	2054	2234	2208	2081
Kleb_pneu_BIDMC_12C_V1	8	2169	12	2243	13	1973	14	2238	14	2538	9	2206	2191	2215	2215	2202	2209	2223	2222	1979	3	2191	1	1	0	3	7	3	4	3	3	2066	11	2065	2171	2254	2132	2148	3	2127	3	2215	4	2221	2202	2112	2068	9	9	4	2069	2101	2224	2068	5	2095	2047	2069	8	2178	3	5	5	2212	10	9	6	2222	2116	2222	2253	2057	11	2239	2267	2198	8	14	6	2095	8	2208	2162	2205	1973	2211	2076	2212	2249	2213	2049	2190	12	2215	2211	2058	8	2051	2050	2051	2195	17	2212	2259	2204	2207	2051	2050	2218	2013	2050	2220	2210	1979	8	2239	2184	2058	2030	2050	2212	3090	2077	2212	2142	2212	2165	2114	2538	2207	2207	2196	2175	2211	2238	2186	2237	2225	2136	2211	1986	2056	2245	2247	2127	6	2251	2212	6	2272	2215	2192	2229	2426	2244	3	2076	13	2254	2248	2267	2086	2108	12	2183	2068	2176	8	2269	15	2203	2211	2278	2211	2128	5	62	2245	7	1984	6	2109	2211	12	10	2072	2224	2272	21	2208	2202	3117	25	2227	50	2213	18	2081	2217	1986	11	2074	17	2151	16	2227	2334	10	2177	1979	2229	2231	2255	2181	2226	2108	2242	2172	6	2036	12	2256	6	2179	12	21	47	15	7	2088	19	12	2059	2161	1989	14	2149	21	12	13	2234	14	14	2183	14	2193	17	2104	15	2108	15	2218	9	2055	2235	2209	2082
Kleb_pneu_BIDMC_13_V1	5	2166	9	2240	10	1970	11	2235	11	2535	6	2203	2188	2212	2212	2199	2206	2220	2219	1976	0	2188	4	2	3	0	4	0	1	0	0	2063	8	2062	2168	2251	2129	2145	0	2124	0	2212	1	2218	2199	2109	2065	6	6	1	2066	2098	2221	2065	2	2092	2044	2066	5	2175	0	2	2	2209	7	6	3	2219	2113	2219	2250	2054	8	2236	2264	2195	5	11	3	2092	5	2205	2159	2202	1970	2208	2073	2209	2246	2210	2046	2187	9	2212	2208	2055	5	2048	2047	2048	2192	14	2209	2256	2201	2204	2048	2047	2215	2010	2047	2217	2207	1976	5	2236	2181	2055	2027	2047	2209	3087	2074	2209	2139	2209	2162	2111	2535	2204	2204	2193	2172	2208	2235	2183	2234	2222	2133	2208	1983	2053	2242	2244	2124	3	2248	2209	3	2269	2212	2189	2226	2423	2241	0	2073	10	2251	2245	2264	2083	2105	9	2180	2065	2173	5	2266	12	2200	2208	2275	2208	2125	2	59	2242	4	1981	3	2106	2208	9	7	2069	2221	2269	18	2205	2199	3114	22	2224	47	2210	15	2078	2214	1983	8	2071	14	2148	13	2224	2331	7	2174	1976	2226	2228	2252	2178	2223	2105	2239	2169	3	2033	9	2253	3	2176	9	18	44	12	4	2085	16	9	2056	2158	1986	11	2146	18	9	10	2231	11	11	2180	11	2190	14	2101	12	2105	12	2215	6	2052	2232	2206	2079
Kleb_pneu_BIDMC_14_V1	9	2170	13	2244	14	1974	15	2239	15	2539	10	2207	2192	2216	2216	2203	2210	2224	2223	1980	4	2192	8	6	7	4	0	4	5	4	4	2067	12	2066	2172	2255	2133	2149	4	2128	4	2216	5	2222	2203	2113	2069	10	10	5	2070	2102	2225	2069	6	2096	2048	2070	9	2179	4	6	6	2213	11	10	1	2223	2117	2223	2254	2058	12	2240	2268	2199	9	15	5	2096	3	2209	2163	2206	1974	2212	2077	2213	2250	2214	2050	2191	13	2216	2212	2059	9	2052	2051	2052	2196	18	2213	2260	2205	2208	2052	2051	2219	2014	2051	2221	2211	1980	9	2240	2185	2059	2031	2051	2213	3091	2078	2213	2143	2213	2166	2115	2539	2208	2208	2197	2176	2212	2239	2187	2238	2225	2137	2212	1987	2057	2246	2248	2128	7	2252	2211	7	2273	2216	2193	2230	2427	2245	4	2077	14	2255	2249	2268	2087	2109	13	2184	2069	2177	9	2270	16	2204	2212	2279	2212	2128	6	63	2246	8	1985	1	2110	2212	13	11	2073	2225	2273	22	2209	2203	3118	26	2228	51	2214	19	2082	2218	1987	12	2075	18	2152	17	2228	2335	11	2178	1980	2230	2232	2256	2182	2227	2109	2243	2172	7	2037	13	2257	7	2180	13	22	48	16	8	2089	20	13	2060	2162	1990	15	2150	22	13	14	2235	15	15	2184	15	2194	18	2105	16	2109	16	2219	10	2056	2236	2210	2083
Kleb_pneu_BIDMC_16_V1	5	2166	9	2240	10	1970	11	2235	11	2535	6	2203	2188	2212	2212	2199	2206	2220	2219	1976	0	2188	4	2	3	0	4	0	1	0	0	2063	8	2062	2168	2251	2129	2145	0	2124	0	2212	1	2218	2199	2109	2065	6	6	1	2066	2098	2221	2065	2	2092	2044	2066	5	2175	0	2	2	2209	7	6	3	2219	2113	2219	2250	2054	8	2236	2264	2195	5	11	3	2092	5	2205	2159	2202	1970	2208	2073	2209	2246	2210	2046	2187	9	2212	2208	2055	5	2048	2047	2048	2192	14	2209	2256	2201	2204	2048	2047	2215	2010	2047	2217	2207	1976	5	2236	2181	2055	2027	2047	2209	3087	2074	2209	2139	2209	2162	2111	2535	2204	2204	2193	2172	2208	2235	2183	2234	2222	2133	2208	1983	2053	2242	2244	2124	3	2248	2209	3	2269	2212	2189	2226	2423	2241	0	2073	10	2251	2245	2264	2083	2105	9	2180	2065	2173	5	2266	12	2200	2208	2275	2208	2125	2	59	2242	4	1981	3	2106	2208	9	7	2069	2221	2269	18	2205	2199	3114	22	2224	47	2210	15	2078	2214	1983	8	2071	14	2148	13	2224	2331	7	2174	1976	2226	2228	2252	2178	2223	2105	2239	2169	3	2033	9	2253	3	2176	9	18	44	12	4	2085	16	9	2056	2158	1986	11	2146	18	9	10	2231	11	11	2180	11	2190	14	2101	12	2105	12	2215	6	2052	2232	2206	2079
Kleb_pneu_BIDMC_18A_V1	6	2167	10	2241	11	1971	12	2234	12	2534	7	2204	2189	2213	2213	2200	2207	2221	2220	1977	1	2189	5	3	4	1	5	1	0	1	1	2064	9	2063	2169	2252	2130	2146	1	2125	1	2213	0	2219	2200	2110	2066	7	7	0	2067	2099	2222	2066	3	2093	2045	2067	6	2176	1	3	3	2210	8	7	4	2220	2114	2220	2251	2055	9	2237	2265	2194	6	12	4	2093	6	2206	2160	2203	1971	2209	2074	2210	2247	2211	2047	2188	10	2213	2209	2056	6	2049	2048	2049	2193	15	2210	2257	2202	2205	2049	2048	2216	2011	2048	2216	2208	1977	6	2237	2182	2056	2028	2048	2210	3086	2075	2210	2140	2210	2161	2112	2534	2205	2205	2194	2173	2209	2236	2184	2235	2223	2134	2209	1984	2054	2243	2245	2125	4	2249	2210	4	2270	2213	2190	2227	2424	2242	1	2074	11	2252	2246	2265	2082	2106	10	2181	2066	2174	6	2267	13	2201	2209	2276	2209	2126	3	60	2243	5	1982	4	2107	2209	10	8	2070	2222	2270	19	2206	2200	3113	23	2225	48	2211	16	2079	2215	1984	9	2072	15	2149	14	2225	2332	8	2173	1977	2227	2229	2251	2179	2224	2106	2240	2170	4	2034	10	2254	4	2175	10	19	45	13	5	2086	17	10	2057	2159	1987	12	2147	19	10	11	2232	12	12	2181	12	2191	15	2102	13	2106	13	2216	7	2053	2233	2207	2080
